1.000000000000000000e+00 -1.661646083822480276e-17 0.000000000000000000e+00
9.999376947588286546e-01 1.318911446693125960e-05 0.000000000000000000e+00
9.997507945630869086e-01 5.274624474378369703e-05 0.000000000000000000e+00
9.994393459922217282e-01 1.186407665768631197e-04 0.000000000000000000e+00
9.990034266657467077e-01 2.108216898878204071e-04 0.000000000000000000e+00
9.984431452238966553e-01 3.292177341168803792e-04 0.000000000000000000e+00
9.977586413005530286e-01 4.737374333574872185e-04 0.000000000000000000e+00
9.969500854884438823e-01 6.442692709371901577e-04 0.000000000000000000e+00
9.960176792966288772e-01 8.406818430048534473e-04 0.000000000000000000e+00
9.949616551002785636e-01 1.062824050589638572e-03 0.000000000000000000e+00
9.937822760827619284e-01 1.310525319505053158e-03 0.000000000000000000e+00
9.924798361700553073e-01 1.583595847381842787e-03 0.000000000000000000e+00
9.910546599574902027e-01 1.881826877028167175e-03 0.000000000000000000e+00
9.895071026288572158e-01 2.204990995231067251e-03 0.000000000000000000e+00
9.878375498678868549e-01 2.552842456034698330e-03 0.000000000000000000e+00
9.860464177621284243e-01 2.925117527455195921e-03 0.000000000000000000e+00
9.841341526992536393e-01 3.321534860520640540e-03 0.000000000000000000e+00
9.821012312558058399e-01 3.741795879458720275e-03 0.000000000000000000e+00
9.799481600784284430e-01 4.185585191791435511e-03 0.000000000000000000e+00
9.776754757575973898e-01 4.652571017042742528e-03 0.000000000000000000e+00
9.752837446938913413e-01 5.142405632709697201e-03 0.000000000000000000e+00
9.727735629568334819e-01 5.654725836106073468e-03 0.000000000000000000e+00
9.701455561363376834e-01 6.189153420644591397e-03 0.000000000000000000e+00
9.674003791867991087e-01 6.745295665091528836e-03 0.000000000000000000e+00
9.645387162638652256e-01 7.322745834299971418e-03 0.000000000000000000e+00
9.615612805539303087e-01 7.921083689903435365e-03 0.000000000000000000e+00
9.584688140963943948e-01 8.539876009441140642e-03 0.000000000000000000e+00
9.552620875987311022e-01 9.178677112371604746e-03 0.000000000000000000e+00
9.519419002444118316e-01 9.837029391432099146e-03 0.000000000000000000e+00
9.485090794937317549e-01 1.051446384780513332e-02 0.000000000000000000e+00
9.449644808775901073e-01 1.121050062855916303e-02 0.000000000000000000e+00
9.413089877842735209e-01 1.192464956485392996e-02 0.000000000000000000e+00
9.375435112392968007e-01 1.265641070941476640e-02 0.000000000000000000e+00
9.336689896783573195e-01 1.340527487181715667e-02 0.000000000000000000e+00
9.296863887134559912e-01 1.417072415015120657e-02 0.000000000000000000e+00
9.255967008922472150e-01 1.495223245767958453e-02 0.000000000000000000e+00
9.214009454506753016e-01 1.574926604314702897e-02 0.000000000000000000e+00
9.171001680589587757e-01 1.656128400345262958e-02 0.000000000000000000e+00
9.126954405609881693e-01 1.738773878745119780e-02 0.000000000000000000e+00
9.081878607071995901e-01 1.822807668971348008e-02 0.000000000000000000e+00
9.035785518809926753e-01 1.908173833314007542e-02 0.000000000000000000e+00
8.988686628187596561e-01 1.994815913939738602e-02 0.000000000000000000e+00
8.940593673235961436e-01 2.082676978621588598e-02 0.000000000000000000e+00
8.891518639727650219e-01 2.171699665067332655e-02 0.000000000000000000e+00
8.841473758189852816e-01 2.261826223766548113e-02 0.000000000000000000e+00
8.790471500856227305e-01 2.352998559285360280e-02 0.000000000000000000e+00
8.738524578558546363e-01 2.445158269946704627e-02 0.000000000000000000e+00
8.685645937558894580e-01 2.538246685842808492e-02 0.000000000000000000e+00
8.631848756323197147e-01 2.632204905136047851e-02 0.000000000000000000e+00
8.577146442236855961e-01 2.726973828613647732e-02 0.000000000000000000e+00
8.521552628263360241e-01 2.822494192471236910e-02 0.000000000000000000e+00
8.465081169546658790e-01 2.918706599309945846e-02 0.000000000000000000e+00
8.407746139958167664e-01 3.015551547341169952e-02 0.000000000000000000e+00
8.349561828589275869e-01 3.112969457802984563e-02 0.000000000000000000e+00
8.290542736190187334e-01 3.210900700601559965e-02 0.000000000000000000e+00
8.230703571556049480e-01 3.309285618200364515e-02 0.000000000000000000e+00
8.170059247861193308e-01 3.408064547789445287e-02 0.000000000000000000e+00
8.108624878942475300e-01 3.507177841775929727e-02 0.000000000000000000e+00
8.046415775532583803e-01 3.606565886646024427e-02 0.000000000000000000e+00
7.983447441444280201e-01 3.706169120257208488e-02 0.000000000000000000e+00
7.919735569706531919e-01 3.805928047627732402e-02 0.000000000000000000e+00
7.855296038653474255e-01 3.905783255298553303e-02 0.000000000000000000e+00
7.790144907967200272e-01 4.005675424350269020e-02 0.000000000000000000e+00
7.724298414675352387e-01 4.105545342164907546e-02 0.000000000000000000e+00
7.657772969104506000e-01 4.205333913029096066e-02 0.000000000000000000e+00
7.590585150790387647e-01 4.304982167681307981e-02 0.000000000000000000e+00
7.522751704345886914e-01 4.404431271911721929e-02 0.000000000000000000e+00
7.454289535287967894e-01 4.503622534328224208e-02 0.000000000000000000e+00
7.385215705824448307e-01 4.602497413406848870e-02 0.000000000000000000e+00
7.315547430601738732e-01 4.700997523948870216e-02 0.000000000000000000e+00
7.245302072414601113e-01 4.799064643070068137e-02 0.000000000000000000e+00
7.174497137878964592e-01 4.896640715850687775e-02 0.000000000000000000e+00
7.103150273068919995e-01 4.993667860776486445e-02 0.000000000000000000e+00
7.031279259118945468e-01 5.090088375102758134e-02 0.000000000000000000e+00
6.958902007792464595e-01 5.185844740274219572e-02 0.000000000000000000e+00
6.886036557017879423e-01 5.280879627533328208e-02 0.000000000000000000e+00
6.812701066393122007e-01 5.375135903849504598e-02 0.000000000000000000e+00
6.738913812659912406e-01 5.468556638300041406e-02 0.000000000000000000e+00
6.664693185148805599e-01 5.561085109031807527e-02 0.000000000000000000e+00
6.590057681196190842e-01 5.652664810930098371e-02 0.000000000000000000e+00
6.515025901534363673e-01 5.743239464117731730e-02 0.000000000000000000e+00
6.439616545655831858e-01 5.832753023403502990e-02 0.000000000000000000e+00
6.363848407153015474e-01 5.921149688794514337e-02 0.000000000000000000e+00
6.287740369034483523e-01 6.008373917181661361e-02 0.000000000000000000e+00
6.211311399018916157e-01 6.094370435301705441e-02 0.000000000000000000e+00
6.134580544807950453e-01 6.179084254072881449e-02 0.000000000000000000e+00
6.057566929339094353e-01 6.262460684394061117e-02 0.000000000000000000e+00
5.980289746019890051e-01 6.344445354489869349e-02 0.000000000000000000e+00
5.902768253944511434e-01 6.424984228876097492e-02 0.000000000000000000e+00
5.825021773093996824e-01 6.504023629011268515e-02 0.000000000000000000e+00
5.747069679521303875e-01 6.581510255691211397e-02 0.000000000000000000e+00
5.668931400522394526e-01 6.657391213234034599e-02 0.000000000000000000e+00
5.590626409794539065e-01 6.731614035493325987e-02 0.000000000000000000e+00
5.512174222583066108e-01 6.804126713727028097e-02 0.000000000000000000e+00
5.433594390817754194e-01 6.874877726339378992e-02 0.000000000000000000e+00
5.354906498240079582e-01 6.943816070502446813e-02 0.000000000000000000e+00
5.276130155522540388e-01 7.010891295653082222e-02 0.000000000000000000e+00
5.197284995381263872e-01 7.076053538850150815e-02 0.000000000000000000e+00
5.118390667683120343e-01 7.139253561965699935e-02 0.000000000000000000e+00
5.039466834548566032e-01 7.200442790672818838e-02 0.000000000000000000e+00
4.960533165451433968e-01 7.259573355181471455e-02 0.000000000000000000e+00
4.881609332316879657e-01 7.316598132662797960e-02 0.000000000000000000e+00
4.802715004618736128e-01 7.371470791291073743e-02 0.000000000000000000e+00
4.723869844477459057e-01 7.424145835821839567e-02 0.000000000000000000e+00
4.645093501759920418e-01 7.474578654613807382e-02 0.000000000000000000e+00
4.566405609182246361e-01 7.522725567991836448e-02 0.000000000000000000e+00
4.487825777416932782e-01 7.568543877837907718e-02 0.000000000000000000e+00
4.409373590205459825e-01 7.611991918287311365e-02 0.000000000000000000e+00
4.331068599477604364e-01 7.653029107397547881e-02 0.000000000000000000e+00
4.252930320478695014e-01 7.691615999648525326e-02 0.000000000000000000e+00
4.174978226906003731e-01 7.727714339123895049e-02 0.000000000000000000e+00
4.097231746055488566e-01 7.761287113215208089e-02 0.000000000000000000e+00
4.019710253980109393e-01 7.792298606683041584e-02 0.000000000000000000e+00
3.942433070660904537e-01 7.820479482971368079e-02 0.000000000000000000e+00
3.865419455192049547e-01 7.845217371794120653e-02 0.000000000000000000e+00
3.788688600981083843e-01 7.866462229959897412e-02 0.000000000000000000e+00
3.712259630965517032e-01 7.884193911355241724e-02 0.000000000000000000e+00
3.636151592846983971e-01 7.898394665689655036e-02 0.000000000000000000e+00
3.560383454344167031e-01 7.909049178593832718e-02 0.000000000000000000e+00
3.484974098465636327e-01 7.916144609814257382e-02 0.000000000000000000e+00
3.409942318803809158e-01 7.919670629311140186e-02 0.000000000000000000e+00
3.335306814851194401e-01 7.919619451066760296e-02 0.000000000000000000e+00
3.261086187340087594e-01 7.915985864412240780e-02 0.000000000000000000e+00
3.187298933606876883e-01 7.908767262682511734e-02 0.000000000000000000e+00
3.113963442982119467e-01 7.897963669011830168e-02 0.000000000000000000e+00
3.041097992207534295e-01 7.883577759085602654e-02 0.000000000000000000e+00
2.968720740881055087e-01 7.865614880668517217e-02 0.000000000000000000e+00
2.896849726931078894e-01 7.844083069734034130e-02 0.000000000000000000e+00
2.825502862121034298e-01 7.818993063026161150e-02 0.000000000000000000e+00
2.754697927585398887e-01 7.790358306891073670e-02 0.000000000000000000e+00
2.684452569398261268e-01 7.758194962223512181e-02 0.000000000000000000e+00
2.614784294175552248e-01 7.722521905381196650e-02 0.000000000000000000e+00
2.545710464712032106e-01 7.683360724929191865e-02 0.000000000000000000e+00
2.477248295654112531e-01 7.640735714085961083e-02 0.000000000000000000e+00
2.409414849209612908e-01 7.594673858752931661e-02 0.000000000000000000e+00
2.342227030895492890e-01 7.545204821020393138e-02 0.000000000000000000e+00
2.275701585324647613e-01 7.492360918053991847e-02 0.000000000000000000e+00
2.209855092032799173e-01 7.436177096278186183e-02 0.000000000000000000e+00
2.144703961346526300e-01 7.376690900785497218e-02 0.000000000000000000e+00
2.080264430293468636e-01 7.313942439913558025e-02 0.000000000000000000e+00
2.016552558555720354e-01 7.247974344945340430e-02 0.000000000000000000e+00
1.953584224467416752e-01 7.178831724901808820e-02 0.000000000000000000e+00
1.891375121057523589e-01 7.106562116410514163e-02 0.000000000000000000e+00
1.829940752138806692e-01 7.031215428647999421e-02 0.000000000000000000e+00
1.769296428443951630e-01 6.952843883368675648e-02 0.000000000000000000e+00
1.709457263809811556e-01 6.871501950047720353e-02 0.000000000000000000e+00
1.650438171410724131e-01 6.787246276180491922e-02 0.000000000000000000e+00
1.592253860041831226e-01 6.700135612796119522e-02 0.000000000000000000e+00
1.534918830453341210e-01 6.610230735258047774e-02 0.000000000000000000e+00
1.478447371736639204e-01 6.517594359439271567e-02 0.000000000000000000e+00
1.422853557763143484e-01 6.422291053375192571e-02 0.000000000000000000e+00
1.368151243676802853e-01 6.324387144511664505e-02 0.000000000000000000e+00
1.314354062441104865e-01 6.223950622680621270e-02 0.000000000000000000e+00
1.261475421441454192e-01 6.121051038950008072e-02 0.000000000000000000e+00
1.209528499143772140e-01 6.015759400508841059e-02 0.000000000000000000e+00
1.158526241810146074e-01 5.908148061762047432e-02 0.000000000000000000e+00
1.108481360272350336e-01 5.798290611823030127e-02 0.000000000000000000e+00
1.059406326764038009e-01 5.686261758604890110e-02 0.000000000000000000e+00
1.011313371812403439e-01 5.572137209723583562e-02 0.000000000000000000e+00
9.642144811900732471e-02 5.455993550438254652e-02 0.000000000000000000e+00
9.181213929280046537e-02 5.337908118865244966e-02 0.000000000000000000e+00
8.730455943901188620e-02 5.217958878712974230e-02 0.000000000000000000e+00
8.289983194104122433e-02 5.096224289794901857e-02 0.000000000000000000e+00
7.859905454932469837e-02 4.972783176587133869e-02 0.000000000000000000e+00
7.440329910775267397e-02 4.847714595105775265e-02 0.000000000000000000e+00
7.031361128654400883e-02 4.721097698387041741e-02 0.000000000000000000e+00
6.633101032164268052e-02 4.593011600860070348e-02 0.000000000000000000e+00
6.245648876070314381e-02 4.463535241908709456e-02 0.000000000000000000e+00
5.869101221572653460e-02 4.332747248923860678e-02 0.000000000000000000e+00
5.503551912240983723e-02 4.200725800152464023e-02 0.000000000000000000e+00
5.149092050626824513e-02 4.067548487652939554e-02 0.000000000000000000e+00
4.805809975558822389e-02 3.933292180669468313e-02 0.000000000000000000e+00
4.473791240126889779e-02 3.798032889739541562e-02 0.000000000000000000e+00
4.153118590360560525e-02 3.661845631849904720e-02 0.000000000000000000e+00
3.843871944606963575e-02 3.524804296956200733e-02 0.000000000000000000e+00
3.546128373613471885e-02 3.386981516180524732e-02 0.000000000000000000e+00
3.259962081320083582e-02 3.248448531999377498e-02 0.000000000000000000e+00
2.985444386366220559e-02 3.109275070731632937e-02 0.000000000000000000e+00
2.722643704316646263e-02 2.969529217632473767e-02 0.000000000000000000e+00
2.471625530610854771e-02 2.829277294894642567e-02 0.000000000000000000e+00
2.232452424240261024e-02 2.688583742852870481e-02 0.000000000000000000e+00
2.005183992157150152e-02 2.547511004680902760e-02 0.000000000000000000e+00
1.789876874419416009e-02 2.406119414863426564e-02 0.000000000000000000e+00
1.586584730074641625e-02 2.264467091716948835e-02 0.000000000000000000e+00
1.395358223787152019e-02 2.122609834224946715e-02 0.000000000000000000e+00
1.216245013211320058e-02 1.980601023442769837e-02 0.000000000000000000e+00
1.049289737114272869e-02 1.838491528717401194e-02 0.000000000000000000e+00
8.945340042509797307e-03 1.696329618955959642e-02 0.000000000000000000e+00
7.520163829944748191e-03 1.554160879164893753e-02 0.000000000000000000e+00
6.217723917238127118e-03 1.412028132469308334e-02 0.000000000000000000e+00
5.038344899721436398e-03 1.269971367808617364e-02 0.000000000000000000e+00
3.982320703371122761e-03 1.128027673490935613e-02 0.000000000000000000e+00
3.049914511556117702e-03 9.862311767743070848e-03 0.000000000000000000e+00
2.241358699447026925e-03 8.446129896279816127e-03 0.000000000000000000e+00
1.556854776103400173e-03 7.032011608116620766e-03 0.000000000000000000e+00
9.965733342532923089e-04 5.620206343948498141e-03 0.000000000000000000e+00
5.606540077782162790e-04 4.210932148224894728e-03 0.000000000000000000e+00
2.492054369130913827e-04 2.804375386162927600e-03 0.000000000000000000e+00
6.230524117134539352e-05 1.400690527851583631e-03 0.000000000000000000e+00
0.000000000000000000e+00 0.000000000000000000e+00 0.000000000000000000e+00
6.230524117134539352e-05 -1.388230450103083990e-03 0.000000000000000000e+00
2.492054369130913827e-04 -2.754549824617756257e-03 0.000000000000000000e+00
5.606540077782162790e-04 -4.098879929898361155e-03 0.000000000000000000e+00
9.965733342532923089e-04 -5.421139966700475911e-03 0.000000000000000000e+00
1.556854776103400173e-03 -6.721246602094409217e-03 0.000000000000000000e+00
2.241358699447026925e-03 -7.999114078595307223e-03 0.000000000000000000e+00
3.049914511556117702e-03 -9.254654360063797533e-03 0.000000000000000000e+00
3.982320703371122761e-03 -1.048777731378125640e-02 0.000000000000000000e+00
5.038344899721436398e-03 -1.169839092797402523e-02 0.000000000000000000e+00
6.217723917238127118e-03 -1.288640156392320546e-02 0.000000000000000000e+00
7.520163829944748191e-03 -1.405171424166729195e-02 0.000000000000000000e+00
8.945340042509797307e-03 -1.519423295817666844e-02 0.000000000000000000e+00
1.049289737114272869e-02 -1.631386103675580221e-02 0.000000000000000000e+00
1.216245013211320058e-02 -1.741050150630909371e-02 0.000000000000000000e+00
1.395358223787152019e-02 -1.848405750899242625e-02 0.000000000000000000e+00
1.586584730074641625e-02 -1.953443273466285920e-02 0.000000000000000000e+00
1.789876874419416009e-02 -2.056153188043496893e-02 0.000000000000000000e+00
2.005183992157150152e-02 -2.156526113355481181e-02 0.000000000000000000e+00
2.232452424240261024e-02 -2.254552867571059036e-02 0.000000000000000000e+00
2.471625530610854771e-02 -2.350224520681390081e-02 0.000000000000000000e+00
2.722643704316646263e-02 -2.443532448620782532e-02 0.000000000000000000e+00
2.985444386366220559e-02 -2.534468388918602669e-02 0.000000000000000000e+00
3.259962081320083582e-02 -2.623024497664473015e-02 0.000000000000000000e+00
3.546128373613471885e-02 -2.709193407563196404e-02 0.000000000000000000e+00
3.843871944606963575e-02 -2.792968286851149617e-02 0.000000000000000000e+00
4.153118590360560525e-02 -2.874342898841788715e-02 0.000000000000000000e+00
4.473791240126889779e-02 -2.953311661864753759e-02 0.000000000000000000e+00
4.805809975558822389e-02 -3.029869709360655944e-02 0.000000000000000000e+00
5.149092050626824513e-02 -3.104012949892145240e-02 0.000000000000000000e+00
5.503551912240983723e-02 -3.175738126831096492e-02 0.000000000000000000e+00
5.869101221572653460e-02 -3.245042877481994076e-02 0.000000000000000000e+00
6.245648876070314381e-02 -3.311925791402543090e-02 0.000000000000000000e+00
6.633101032164268052e-02 -3.376386467684463349e-02 0.000000000000000000e+00
7.031361128654400883e-02 -3.438425570960042255e-02 0.000000000000000000e+00
7.440329910775267397e-02 -3.498044885903665163e-02 0.000000000000000000e+00
7.859905454932469837e-02 -3.555247370001833607e-02 0.000000000000000000e+00
8.289983194104122433e-02 -3.610037204370399738e-02 0.000000000000000000e+00
8.730455943901188620e-02 -3.662419842403735054e-02 0.000000000000000000e+00
9.181213929280046537e-02 -3.712402056047250931e-02 0.000000000000000000e+00
9.642144811900732471e-02 -3.759991979492268571e-02 0.000000000000000000e+00
1.011313371812403439e-01 -3.805199150100420369e-02 0.000000000000000000e+00
1.059406326764038009e-01 -3.848034546373731851e-02 0.000000000000000000e+00
1.108481360272350336e-01 -3.888510622796140237e-02 0.000000000000000000e+00
1.158526241810146074e-01 -3.926641341382440531e-02 0.000000000000000000e+00
1.209528499143772140e-01 -3.962442199781543439e-02 0.000000000000000000e+00
1.261475421441454192e-01 -3.995930255792323749e-02 0.000000000000000000e+00
1.314354062441104865e-01 -4.027124148162269934e-02 0.000000000000000000e+00
1.368151243676802853e-01 -4.056044113551653812e-02 0.000000000000000000e+00
1.422853557763143484e-01 -4.082711999558714944e-02 0.000000000000000000e+00
1.478447371736639204e-01 -4.107151273714737538e-02 0.000000000000000000e+00
1.534918830453341210e-01 -4.129387028371428459e-02 0.000000000000000000e+00
1.592253860041831226e-01 -4.149445981416985396e-02 0.000000000000000000e+00
1.650438171410724131e-01 -4.167356472771437809e-02 0.000000000000000000e+00
1.709457263809811556e-01 -4.183148456626130385e-02 0.000000000000000000e+00
1.769296428443951630e-01 -4.196853489406904281e-02 0.000000000000000000e+00
1.829940752138806692e-01 -4.208504713454972596e-02 0.000000000000000000e+00
1.891375121057523589e-01 -4.218136836434308728e-02 0.000000000000000000e+00
1.953584224467416752e-01 -4.225786106488965688e-02 0.000000000000000000e+00
2.016552558555720354e-01 -4.231490283188305002e-02 0.000000000000000000e+00
2.080264430293468636e-01 -4.235288604312673066e-02 0.000000000000000000e+00
2.144703961346526300e-01 -4.237221748546314559e-02 0.000000000000000000e+00
2.209855092032799173e-01 -4.237331794158410991e-02 0.000000000000000000e+00
2.275701585324647613e-01 -4.235662173766976263e-02 0.000000000000000000e+00
2.342227030895492890e-01 -4.232257625293787962e-02 0.000000000000000000e+00
2.409414849209612908e-01 -4.227164139231652518e-02 0.000000000000000000e+00
2.477248295654112531e-01 -4.220428902358037970e-02 0.000000000000000000e+00
2.545710464712032106e-01 -4.212100238041215083e-02 0.000000000000000000e+00
2.614784294175552248e-01 -4.202227543296878365e-02 0.000000000000000000e+00
2.684452569398261268e-01 -4.190861222764222238e-02 0.000000000000000000e+00
2.754697927585398887e-01 -4.178052619781098820e-02 0.000000000000000000e+00
2.825502862121034298e-01 -4.163853944747632208e-02 0.000000000000000000e+00
2.896849726931078894e-01 -4.148318200977042791e-02 0.000000000000000000e+00
2.968720740881055087e-01 -4.131499108240747203e-02 0.000000000000000000e+00
3.041097992207534295e-01 -4.113451024222708474e-02 0.000000000000000000e+00
3.113963442982119467e-01 -4.094228864104856869e-02 0.000000000000000000e+00
3.187298933606876883e-01 -4.073888018511642728e-02 0.000000000000000000e+00
3.261086187340087594e-01 -4.052484270047142234e-02 0.000000000000000000e+00
3.335306814851194401e-01 -4.030073708662576526e-02 0.000000000000000000e+00
3.409942318803809158e-01 -4.006712646095797470e-02 0.000000000000000000e+00
3.484974098465636327e-01 -3.982457529627078663e-02 0.000000000000000000e+00
3.560383454344167031e-01 -3.957364855397424441e-02 0.000000000000000000e+00
3.636151592846983971e-01 -3.931491081536601928e-02 0.000000000000000000e+00
3.712259630965517032e-01 -3.904892541348266993e-02 0.000000000000000000e+00
3.788688600981083843e-01 -3.877625356798731354e-02 0.000000000000000000e+00
3.865419455192049547e-01 -3.849745352554322098e-02 0.000000000000000000e+00
3.942433070660904537e-01 -3.821307970809751514e-02 0.000000000000000000e+00
4.019710253980109393e-01 -3.792341772695481672e-02 0.000000000000000000e+00
4.097231746055488566e-01 -3.762337559041986634e-02 0.000000000000000000e+00
4.174978226906003731e-01 -3.731116270222914477e-02 0.000000000000000000e+00
4.252930320478695014e-01 -3.698724193761575296e-02 0.000000000000000000e+00
4.331068599477604364e-01 -3.665207598237554820e-02 0.000000000000000000e+00
4.409373590205459825e-01 -3.630612666771501629e-02 0.000000000000000000e+00
4.487825777416932782e-01 -3.594985432183734481e-02 0.000000000000000000e+00
4.566405609182246361e-01 -3.558371714004403275e-02 0.000000000000000000e+00
4.645093501759920418e-01 -3.520817057504128933e-02 0.000000000000000000e+00
4.723869844477459057e-01 -3.482366674904485704e-02 0.000000000000000000e+00
4.802715004618736128e-01 -3.443065388917747327e-02 0.000000000000000000e+00
4.881609332316879657e-01 -3.402957578754821355e-02 0.000000000000000000e+00
4.960533165451433968e-01 -3.362087128729489283e-02 0.000000000000000000e+00
5.039466834548566032e-01 -3.320497379575752805e-02 0.000000000000000000e+00
5.118390667683120343e-01 -3.278231082583554779e-02 0.000000000000000000e+00
5.197284995381263872e-01 -3.235330356646273775e-02 0.000000000000000000e+00
5.276130155522540388e-01 -3.191836648301303592e-02 0.000000000000000000e+00
5.354906498240079582e-01 -3.147790694832801328e-02 0.000000000000000000e+00
5.433594390817754194e-01 -3.103232490493170251e-02 0.000000000000000000e+00
5.512174222583066108e-01 -3.058201255887550707e-02 0.000000000000000000e+00
5.590626409794539065e-01 -3.012735410552867810e-02 0.000000000000000000e+00
5.668931400522394526e-01 -2.966872548750661143e-02 0.000000000000000000e+00
5.747069679521303875e-01 -2.920649418480395637e-02 0.000000000000000000e+00
5.825021773093996824e-01 -2.874101903707619587e-02 0.000000000000000000e+00
5.902768253944511434e-01 -2.827265009789324199e-02 0.000000000000000000e+00
5.980289746019890051e-01 -2.780172852066704198e-02 0.000000000000000000e+00
6.057566929339094353e-01 -2.732858647584050782e-02 0.000000000000000000e+00
6.134580544807950453e-01 -2.685354709880948681e-02 0.000000000000000000e+00
6.211311399018916157e-01 -2.637692446794038387e-02 0.000000000000000000e+00
6.287740369034483523e-01 -2.589902361193888169e-02 0.000000000000000000e+00
6.363848407153015474e-01 -2.542014054572275944e-02 0.000000000000000000e+00
6.439616545655831858e-01 -2.494056233385468987e-02 0.000000000000000000e+00
6.515025901534363673e-01 -2.446056718049813283e-02 0.000000000000000000e+00
6.590057681196190842e-01 -2.398042454477141219e-02 0.000000000000000000e+00
6.664693185148805599e-01 -2.350039528029418054e-02 0.000000000000000000e+00
6.738913812659912406e-01 -2.302073179764403676e-02 0.000000000000000000e+00
6.812701066393122007e-01 -2.254167824837172845e-02 0.000000000000000000e+00
6.886036557017879423e-01 -2.206347072915951918e-02 0.000000000000000000e+00
6.958902007792464595e-01 -2.158633750465139417e-02 0.000000000000000000e+00
7.031279259118945468e-01 -2.111049924743280126e-02 0.000000000000000000e+00
7.103150273068919995e-01 -2.063616929359565755e-02 0.000000000000000000e+00
7.174497137878964592e-01 -2.016355391228659075e-02 0.000000000000000000e+00
7.245302072414601113e-01 -1.969285258761012403e-02 0.000000000000000000e+00
7.315547430601738732e-01 -1.922425831123291892e-02 0.000000000000000000e+00
7.385215705824448307e-01 -1.875795788402462652e-02 0.000000000000000000e+00
7.454289535287967894e-01 -1.829413222505998221e-02 0.000000000000000000e+00
7.522751704345886914e-01 -1.783295668630817399e-02 0.000000000000000000e+00
7.590585150790387647e-01 -1.737460137134243937e-02 0.000000000000000000e+00
7.657772969104506000e-01 -1.691923145641496123e-02 0.000000000000000000e+00
7.724298414675352387e-01 -1.646700751226389675e-02 0.000000000000000000e+00
7.790144907967200272e-01 -1.601808582504680306e-02 0.000000000000000000e+00
7.855296038653474255e-01 -1.557261871482683128e-02 0.000000000000000000e+00
7.919735569706531919e-01 -1.513075485008019867e-02 0.000000000000000000e+00
7.983447441444280201e-01 -1.469263955673762341e-02 0.000000000000000000e+00
8.046415775532583803e-01 -1.425841512032575975e-02 0.000000000000000000e+00
8.108624878942475300e-01 -1.382822107983159611e-02 0.000000000000000000e+00
8.170059247861193308e-01 -1.340219451197517328e-02 0.000000000000000000e+00
8.230703571556049480e-01 -1.298047030464487966e-02 0.000000000000000000e+00
8.290542736190187334e-01 -1.256318141832046473e-02 0.000000000000000000e+00
8.349561828589275869e-01 -1.215045913438638110e-02 0.000000000000000000e+00
8.407746139958167664e-01 -1.174243328931851189e-02 0.000000000000000000e+00
8.465081169546658790e-01 -1.133923249381075041e-02 0.000000000000000000e+00
8.521552628263360241e-01 -1.094098433599603390e-02 0.000000000000000000e+00
8.577146442236855961e-01 -1.054781556800482058e-02 0.000000000000000000e+00
8.631848756323197147e-01 -1.015985227519686923e-02 0.000000000000000000e+00
8.685645937558894580e-01 -9.777220027497174337e-03 0.000000000000000000e+00
8.738524578558546363e-01 -9.400044012359769219e-03 0.000000000000000000e+00
8.790471500856227305e-01 -9.028449148982167771e-03 0.000000000000000000e+00
8.841473758189852816e-01 -8.662560183488782900e-03 0.000000000000000000e+00
8.891518639727650219e-01 -8.302501764898929243e-03 0.000000000000000000e+00
8.940593673235961436e-01 -7.948398501792781554e-03 0.000000000000000000e+00
8.988686628187596561e-01 -7.600374999683745525e-03 0.000000000000000000e+00
9.035785518809926753e-01 -7.258555879202038298e-03 0.000000000000000000e+00
9.081878607071995901e-01 -6.923065775286823403e-03 0.000000000000000000e+00
9.126954405609881693e-01 -6.594029317676276293e-03 0.000000000000000000e+00
9.171001680589587757e-01 -6.271571093075222966e-03 0.000000000000000000e+00
9.214009454506753016e-01 -5.955815589464584503e-03 0.000000000000000000e+00
9.255967008922472150e-01 -5.646887123103408283e-03 0.000000000000000000e+00
9.296863887134559912e-01 -5.344909748851476607e-03 0.000000000000000000e+00
9.336689896783573195e-01 -5.050007154519231198e-03 0.000000000000000000e+00
9.375435112392968007e-01 -4.762302540022759524e-03 0.000000000000000000e+00
9.413089877842735209e-01 -4.481918482191128705e-03 0.000000000000000000e+00
9.449644808775901073e-01 -4.208976786134863493e-03 0.000000000000000000e+00
9.485090794937317549e-01 -3.943598324145238844e-03 0.000000000000000000e+00
9.519419002444118316e-01 -3.685902863144578830e-03 0.000000000000000000e+00
9.552620875987311022e-01 -3.436008881760598075e-03 0.000000000000000000e+00
9.584688140963943948e-01 -3.194033378133711611e-03 0.000000000000000000e+00
9.615612805539303087e-01 -2.960091669611224739e-03 0.000000000000000000e+00
9.645387162638652256e-01 -2.734297185505855585e-03 0.000000000000000000e+00
9.674003791867991087e-01 -2.516761254127468806e-03 0.000000000000000000e+00
9.701455561363376834e-01 -2.307592885312787293e-03 0.000000000000000000e+00
9.727735629568334819e-01 -2.106898549691153984e-03 0.000000000000000000e+00
9.752837446938913413e-01 -1.914781955934850323e-03 0.000000000000000000e+00
9.776754757575973898e-01 -1.731343827239018593e-03 0.000000000000000000e+00
9.799481600784284430e-01 -1.556681678275270014e-03 0.000000000000000000e+00
9.821012312558058399e-01 -1.390889593850406754e-03 0.000000000000000000e+00
9.841341526992536393e-01 -1.234058010484529160e-03 0.000000000000000000e+00
9.860464177621284243e-01 -1.086273502102210516e-03 0.000000000000000000e+00
9.878375498678868549e-01 -9.476185709991828384e-04 0.000000000000000000e+00
9.895071026288572158e-01 -8.181714452166235748e-04 0.000000000000000000e+00
9.910546599574902027e-01 -6.980058834130920507e-04 0.000000000000000000e+00
9.924798361700553073e-01 -5.871909882813418748e-04 0.000000000000000000e+00
9.937822760827619284e-01 -4.857910295078665393e-04 0.000000000000000000e+00
9.949616551002785636e-01 -3.938652772188416568e-04 0.000000000000000000e+00
9.960176792966288772e-01 -3.114678467980845113e-04 0.000000000000000000e+00
9.969500854884438823e-01 -2.386475558994656000e-04 0.000000000000000000e+00
9.977586413005530286e-01 -1.754477944111829568e-04 0.000000000000000000e+00
9.984431452238966553e-01 -1.219064080579657891e-04 0.000000000000000000e+00
9.990034266657467077e-01 -7.805559625521852252e-05 0.000000000000000000e+00
9.994393459922217282e-01 -4.392182475269676271e-05 0.000000000000000000e+00
9.997507945630869086e-01 -1.952575352757354631e-05 0.000000000000000000e+00
9.999376947588286546e-01 -4.882180304429683877e-06 0.000000000000000000e+00
