1.534918830453341210e-01 6.610230735258047774e-02 0.000000000000000000e+00
1.478447371736639204e-01 6.517594359439271567e-02 0.000000000000000000e+00
1.422853557763143484e-01 6.422291053375192571e-02 0.000000000000000000e+00
1.368151243676802853e-01 6.324387144511664505e-02 0.000000000000000000e+00
1.314354062441104865e-01 6.223950622680621270e-02 0.000000000000000000e+00
1.261475421441454192e-01 6.121051038950008072e-02 0.000000000000000000e+00
1.209528499143772140e-01 6.015759400508841059e-02 0.000000000000000000e+00
1.158526241810146074e-01 5.908148061762047432e-02 0.000000000000000000e+00
1.108481360272350336e-01 5.798290611823030127e-02 0.000000000000000000e+00
1.059406326764038009e-01 5.686261758604890110e-02 0.000000000000000000e+00
1.011313371812403439e-01 5.572137209723583562e-02 0.000000000000000000e+00
9.642144811900732471e-02 5.455993550438254652e-02 0.000000000000000000e+00
9.181213929280046537e-02 5.337908118865244966e-02 0.000000000000000000e+00
8.730455943901188620e-02 5.217958878712974230e-02 0.000000000000000000e+00
8.289983194104122433e-02 5.096224289794901857e-02 0.000000000000000000e+00
7.859905454932469837e-02 4.972783176587133869e-02 0.000000000000000000e+00
7.440329910775267397e-02 4.847714595105775265e-02 0.000000000000000000e+00
7.031361128654400883e-02 4.721097698387041741e-02 0.000000000000000000e+00
6.633101032164268052e-02 4.593011600860070348e-02 0.000000000000000000e+00
6.245648876070314381e-02 4.463535241908709456e-02 0.000000000000000000e+00
5.869101221572653460e-02 4.332747248923860678e-02 0.000000000000000000e+00
5.503551912240983723e-02 4.200725800152464023e-02 0.000000000000000000e+00
5.149092050626824513e-02 4.067548487652939554e-02 0.000000000000000000e+00
4.805809975558822389e-02 3.933292180669468313e-02 0.000000000000000000e+00
4.473791240126889779e-02 3.798032889739541562e-02 0.000000000000000000e+00
4.153118590360560525e-02 3.661845631849904720e-02 0.000000000000000000e+00
3.843871944606963575e-02 3.524804296956200733e-02 0.000000000000000000e+00
3.546128373613471885e-02 3.386981516180524732e-02 0.000000000000000000e+00
3.259962081320083582e-02 3.248448531999377498e-02 0.000000000000000000e+00
2.985444386366220559e-02 3.109275070731632937e-02 0.000000000000000000e+00
2.722643704316646263e-02 2.969529217632473767e-02 0.000000000000000000e+00
2.471625530610854771e-02 2.829277294894642567e-02 0.000000000000000000e+00
2.232452424240261024e-02 2.688583742852870481e-02 0.000000000000000000e+00
2.005183992157150152e-02 2.547511004680902760e-02 0.000000000000000000e+00
1.789876874419416009e-02 2.406119414863426564e-02 0.000000000000000000e+00
1.586584730074641625e-02 2.264467091716948835e-02 0.000000000000000000e+00
1.395358223787152019e-02 2.122609834224946715e-02 0.000000000000000000e+00
1.216245013211320058e-02 1.980601023442769837e-02 0.000000000000000000e+00
1.049289737114272869e-02 1.838491528717401194e-02 0.000000000000000000e+00
8.945340042509797307e-03 1.696329618955959642e-02 0.000000000000000000e+00
7.520163829944748191e-03 1.554160879164893753e-02 0.000000000000000000e+00
6.217723917238127118e-03 1.412028132469308334e-02 0.000000000000000000e+00
5.038344899721436398e-03 1.269971367808617364e-02 0.000000000000000000e+00
3.982320703371122761e-03 1.128027673490935613e-02 0.000000000000000000e+00
3.049914511556117702e-03 9.862311767743070848e-03 0.000000000000000000e+00
2.241358699447026925e-03 8.446129896279816127e-03 0.000000000000000000e+00
1.556854776103400173e-03 7.032011608116620766e-03 0.000000000000000000e+00
9.965733342532923089e-04 5.620206343948498141e-03 0.000000000000000000e+00
5.606540077782162790e-04 4.210932148224894728e-03 0.000000000000000000e+00
2.492054369130913827e-04 2.804375386162927600e-03 0.000000000000000000e+00
6.230524117134539352e-05 1.400690527851583631e-03 0.000000000000000000e+00
0.000000000000000000e+00 0.000000000000000000e+00 0.000000000000000000e+00
6.230524117134539352e-05 -1.388230450103083990e-03 0.000000000000000000e+00
2.492054369130913827e-04 -2.754549824617756257e-03 0.000000000000000000e+00
5.606540077782162790e-04 -4.098879929898361155e-03 0.000000000000000000e+00
9.965733342532923089e-04 -5.421139966700475911e-03 0.000000000000000000e+00
1.556854776103400173e-03 -6.721246602094409217e-03 0.000000000000000000e+00
2.241358699447026925e-03 -7.999114078595307223e-03 0.000000000000000000e+00
3.049914511556117702e-03 -9.254654360063797533e-03 0.000000000000000000e+00
3.982320703371122761e-03 -1.048777731378125640e-02 0.000000000000000000e+00
5.038344899721436398e-03 -1.169839092797402523e-02 0.000000000000000000e+00
6.217723917238127118e-03 -1.288640156392320546e-02 0.000000000000000000e+00
7.520163829944748191e-03 -1.405171424166729195e-02 0.000000000000000000e+00
8.945340042509797307e-03 -1.519423295817666844e-02 0.000000000000000000e+00
1.049289737114272869e-02 -1.631386103675580221e-02 0.000000000000000000e+00
1.216245013211320058e-02 -1.741050150630909371e-02 0.000000000000000000e+00
1.395358223787152019e-02 -1.848405750899242625e-02 0.000000000000000000e+00
1.586584730074641625e-02 -1.953443273466285920e-02 0.000000000000000000e+00
1.789876874419416009e-02 -2.056153188043496893e-02 0.000000000000000000e+00
2.005183992157150152e-02 -2.156526113355481181e-02 0.000000000000000000e+00
2.232452424240261024e-02 -2.254552867571059036e-02 0.000000000000000000e+00
2.471625530610854771e-02 -2.350224520681390081e-02 0.000000000000000000e+00
2.722643704316646263e-02 -2.443532448620782532e-02 0.000000000000000000e+00
2.985444386366220559e-02 -2.534468388918602669e-02 0.000000000000000000e+00
3.259962081320083582e-02 -2.623024497664473015e-02 0.000000000000000000e+00
3.546128373613471885e-02 -2.709193407563196404e-02 0.000000000000000000e+00
3.843871944606963575e-02 -2.792968286851149617e-02 0.000000000000000000e+00
4.153118590360560525e-02 -2.874342898841788715e-02 0.000000000000000000e+00
4.473791240126889779e-02 -2.953311661864753759e-02 0.000000000000000000e+00
4.805809975558822389e-02 -3.029869709360655944e-02 0.000000000000000000e+00
5.149092050626824513e-02 -3.104012949892145240e-02 0.000000000000000000e+00
5.503551912240983723e-02 -3.175738126831096492e-02 0.000000000000000000e+00
5.869101221572653460e-02 -3.245042877481994076e-02 0.000000000000000000e+00
6.245648876070314381e-02 -3.311925791402543090e-02 0.000000000000000000e+00
6.633101032164268052e-02 -3.376386467684463349e-02 0.000000000000000000e+00
7.031361128654400883e-02 -3.438425570960042255e-02 0.000000000000000000e+00
7.440329910775267397e-02 -3.498044885903665163e-02 0.000000000000000000e+00
7.209973187334393907e-02 -3.462721620179886467e-02 0.000000000000000000e+00
6.985705807260020328e-02 -3.422631767631335170e-02 0.000000000000000000e+00
6.767581151308502130e-02 -3.377876475415288182e-02 0.000000000000000000e+00
6.555652600236187844e-02 -3.328556890689019637e-02 0.000000000000000000e+00
6.349973534799428776e-02 -3.274774160609805751e-02 0.000000000000000000e+00
6.150597335754581785e-02 -3.216629432334922739e-02 0.000000000000000000e+00
5.957577383857996095e-02 -3.154223853021646817e-02 0.000000000000000000e+00
5.770967059866028565e-02 -3.087658569827256630e-02 0.000000000000000000e+00
5.590819744535026337e-02 -3.017034729909023535e-02 0.000000000000000000e+00
5.417188818621342800e-02 -2.942453480424225831e-02 0.000000000000000000e+00
5.250127662881334811e-02 -2.864015968530139733e-02 0.000000000000000000e+00
5.089689658071349515e-02 -2.781823341384040069e-02 0.000000000000000000e+00
4.935928184947743075e-02 -2.695976746143204442e-02 0.000000000000000000e+00
4.788896624266865409e-02 -2.606577329964908374e-02 0.000000000000000000e+00
4.648648356785074071e-02 -2.513726240006428428e-02 0.000000000000000000e+00
4.515236763258715508e-02 -2.417524623425039085e-02 0.000000000000000000e+00
4.388715224444144497e-02 -2.318073627378017254e-02 0.000000000000000000e+00
4.269137121097715815e-02 -2.215474399022639498e-02 0.000000000000000000e+00
4.156555833975776604e-02 -2.109828085516180299e-02 0.000000000000000000e+00
4.051024743834684416e-02 -2.001235834015916912e-02 0.000000000000000000e+00
3.952597231430789171e-02 -1.889798791679124859e-02 0.000000000000000000e+00
3.861326677520443562e-02 -1.775618105663080010e-02 0.000000000000000000e+00
3.777266462860000285e-02 -1.658794923125059620e-02 0.000000000000000000e+00
3.700469968205814808e-02 -1.539430391222338344e-02 0.000000000000000000e+00
3.630990574314234970e-02 -1.417625657112192746e-02 0.000000000000000000e+00
3.568881661941616240e-02 -1.293481867951899560e-02 0.000000000000000000e+00
3.514196611844310619e-02 -1.167100170898733441e-02 0.000000000000000000e+00
3.466988804778669414e-02 -1.038581713109970432e-02 0.000000000000000000e+00
3.427311621501046707e-02 -9.080276417428884833e-03 0.000000000000000000e+00
3.395218442767793804e-02 -7.755391039547608611e-03 0.000000000000000000e+00
3.370762649335262706e-02 -6.412172469028658631e-03 0.000000000000000000e+00
3.353997621959807496e-02 -5.051632177444783170e-03 0.000000000000000000e+00
3.344976741397780867e-02 -3.674781636368745687e-03 0.000000000000000000e+00
3.343753388405533433e-02 -2.282632317373307039e-03 0.000000000000000000e+00
3.350380943739418582e-02 -8.761956920312246114e-04 0.000000000000000000e+00
3.364912788155789702e-02 5.435167680847303312e-04 0.000000000000000000e+00
3.387402302410998794e-02 1.975493591401814714e-03 0.000000000000000000e+00
3.417902867261397859e-02 3.418723306347261175e-03 0.000000000000000000e+00
3.456467863463340284e-02 4.872194441348298016e-03 0.000000000000000000e+00
3.503150671773177377e-02 6.334895524832186500e-03 0.000000000000000000e+00
3.558004672947262526e-02 7.805815085226153194e-03 0.000000000000000000e+00
3.621083247741947037e-02 9.283941650957437675e-03 0.000000000000000000e+00
3.692439776913584992e-02 1.076826375045328126e-02 0.000000000000000000e+00
3.772127641218528393e-02 1.225776991214093045e-02 0.000000000000000000e+00
3.860200221413129240e-02 1.375144866444761617e-02 0.000000000000000000e+00
3.956710898253740227e-02 1.524828853580056758e-02 0.000000000000000000e+00
4.061713052496715437e-02 1.674727805462705027e-02 0.000000000000000000e+00
4.175260064898404788e-02 1.824740574935429516e-02 0.000000000000000000e+00
4.297405316215162363e-02 1.974766014840953141e-02 0.000000000000000000e+00
4.428202187203339468e-02 2.124702978022001074e-02 0.000000000000000000e+00
4.567704058619289492e-02 2.274450317321295365e-02 0.000000000000000000e+00
4.715964311219365823e-02 2.423906885581562226e-02 0.000000000000000000e+00
4.873036325759920462e-02 2.572971535645526137e-02 0.000000000000000000e+00
5.038973482997304021e-02 2.721543120355908452e-02 0.000000000000000000e+00
5.213829163687871276e-02 2.869520492555435037e-02 0.000000000000000000e+00
5.397656748587974229e-02 3.016802505086829331e-02 0.000000000000000000e+00
5.590509618453963492e-02 3.163288010792814076e-02 0.000000000000000000e+00
5.792441154042193840e-02 3.308875862516115485e-02 0.000000000000000000e+00
6.003504736109017970e-02 3.453464913099456995e-02 0.000000000000000000e+00
6.223753745410786492e-02 3.596954015385561698e-02 0.000000000000000000e+00
6.453241562703854184e-02 3.739242022217154071e-02 0.000000000000000000e+00
6.692021568744568882e-02 3.880227786436955817e-02 0.000000000000000000e+00
6.940147144289289527e-02 4.019810160887695577e-02 0.000000000000000000e+00
7.197671670094366037e-02 4.157887998412094360e-02 0.000000000000000000e+00
7.464648526916149718e-02 4.294360151852876645e-02 0.000000000000000000e+00
7.741131095510993265e-02 4.429125474052766909e-02 0.000000000000000000e+00
8.027172756635247985e-02 4.562082817854486855e-02 0.000000000000000000e+00
8.322826891045270736e-02 4.693131036100763043e-02 0.000000000000000000e+00
8.628146879497410049e-02 4.822168981634319257e-02 0.000000000000000000e+00
8.943186102748021393e-02 4.949095507297877894e-02 0.000000000000000000e+00
9.267997941553456076e-02 5.073809465934164820e-02 0.000000000000000000e+00
9.602635776670062628e-02 5.196209710385901737e-02 0.000000000000000000e+00
9.947152988854200684e-02 5.316195093495815205e-02 0.000000000000000000e+00
1.030160295886221739e-01 5.433664468106627621e-02 0.000000000000000000e+00
1.066603906745046959e-01 5.548516687061064157e-02 0.000000000000000000e+00
1.104051469537530444e-01 5.660650603201846515e-02 0.000000000000000000e+00
1.142508322339307880e-01 5.769965069371701255e-02 0.000000000000000000e+00
1.181979803226013981e-01 5.876358938413349386e-02 0.000000000000000000e+00
1.222471250273284710e-01 5.979731063169518163e-02 0.000000000000000000e+00
1.263988001556755059e-01 6.079980296482929980e-02 0.000000000000000000e+00
1.306535395152060297e-01 6.177005491196308623e-02 0.000000000000000000e+00
1.350118769134835695e-01 6.270705500152379264e-02 0.000000000000000000e+00
1.394743461580715549e-01 6.360979176193863605e-02 0.000000000000000000e+00
1.440414810565336379e-01 6.447725372163487512e-02 0.000000000000000000e+00
1.487138154164333315e-01 6.530842940903973382e-02 0.000000000000000000e+00
